sensors:
  - id: 3da6d03bd42e41a93dc941bd5fd9233d
    sensor_type: IMU
    description: "Bosch BMI085 IMU"
    topic: /arche_2/imu0
    sigmas:
      acc_bias_random_walk_noise_density: 0.0043
      acc_noise_density: 0.019
      gyro_bias_random_walk_noise_density: 0.000266
      gyro_noise_density: 0.019
    saturation_accel_max_mps2: 150
    saturation_gyro_max_radps: 7.5
    gravity_magnitude_mps2: 9.808083883386614

  - id: 31749e537f44242303f6b37447ea16cc
    sensor_type: ABSOLUTE_6DOF
    description: "GPS Measurements"
    topic: /arche_2/pose
    T_G_S_fixed_covariance:
      rows: 6
      cols: 6
      data:
        - [0.25, 0.0,  0.0,  0.0,        0.0,        0.0]
        - [0.0,  0.25, 0.0,  0.0,        0.0,        0.0]
        - [0.0,  0.0,  0.25, 0.0,        0.0,        0.0]
        - [0.0,  0.0,  0.0,  0.008,      0.0,        0.0]
        - [0.0,  0.0,  0.0,  0.0,        0.008,      0.0]
        - [0.0,  0.0,  0.0,  0.0,        0.0,        0.001]

  - id: abf123479caf7592b35518478a1fa06d
    sensor_type: LIDAR
    description: "Lidarmace - Ouster OS0"
    topic: /arche_2/points

  - id: 7ad1bac2a7c5fad79f09e49e3a96d87c
    sensor_type: NCAMERA
    description: "Lidarstick - Blackfly S 0.4MP (Color/Mono) Stereo Pair"
    topic: ""
    cameras:
      - camera:
          id: 9ce7b5000d15adb3c0da8ac6b729ee02
          sensor_type: CAMERA
          description: "0.4MP Mono Camera Forward Left"
          topic: /arche_2/cam0
          line-delay-nanoseconds: 0
          image_height: 540
          image_width: 720
          type: pinhole
          intrinsics:
            rows: 4
            cols: 1
            data:
              - 351.0428156950817
              - 350.9884792099844
              - 361.61014421274814
              - 275.9740537178959
          distortion:
            type: equidistant
            parameters:
              rows: 4
              cols: 1
              data:
                - -0.03945592508368481
                - 0.0006666690986538722
                - -0.002486306664168486
                - 0.00042250750815395503
        T_B_C:
          rows: 4
          cols: 4
          data:
            - [-0.999914181049745, -0.009812526861206, -0.008680141255526, 0.04307205]
            - [0.008623359571530, 0.005814227555253, -0.999945914751211, -0.08894419]
            - [0.009862464464721, -0.999934952421673, -0.005729111636918, 0.04921697]
            - [0.0, 0.0, 0.0, 1.0]

      - camera:
          id: 61f5c269e1d9608678291fa5fdd81840
          sensor_type: CAMERA
          description: "0.4MP Mono Camera Forward Right"
          topic: /arche_2/cam2
          line-delay-nanoseconds: 0
          image_height: 540
          image_width: 720
          type: pinhole
          intrinsics:
            rows: 4
            cols: 1
            data:
              - 350.39906177992754
              - 350.38461881052297
              - 374.16020018863065
              - 282.6931459822242
          distortion:
            type: equidistant
            parameters:
              rows: 4
              cols: 1
              data:
                - -0.03671736959641215
                - -0.0012031560990614194
                - -0.0012175498733418004
                - 0.00011391552811256003
        T_B_C:
          rows: 4
          cols: 4
          data:
            - [0.999993315058955, 0.003451380245690, 0.001207398774814, -0.06292934]
            - [0.001221371678556, -0.004049260623397, -0.999991055829814, -0.08631673]
            - [-0.003446460303642, 0.999985845631229, -0.004053448972413, 0.04033255]
            - [0.0, 0.0, 0.0, 1.0]

  - id: 1111c3479caf7592b35518478j3de78s
    sensor_type: ODOMETRY_6DOF
    description: "ROVIOLI in Odometry mode"
    topic: /arche_2/odometry/maplab_odom_T_M_I
    T_St_Stp1_fixed_covariance:
      rows: 6
      cols: 6
      data:
        - [0.001,0,0,0,0,0]
        - [0,0.001,0,0,0,0]
        - [0,0,0.001,0,0,0]
        - [0,0,0,0.0001,0,0]
        - [0,0,0,0,0.0001,0]
        - [0,0,0,0,0,0.0001]

extrinsics:

  - sensor_id: 3da6d03bd42e41a93dc941bd5fd9233d
    base_sensor_id: 3da6d03bd42e41a93dc941bd5fd9233d
    T_B_S:
      cols: 4
      rows: 4
      data:
        - [1,0,0,0]
        - [0,1,0,0]
        - [0,0,1,0]
        - [0,0,0,1]

  - sensor_id: 7ad1bac2a7c5fad79f09e49e3a96d87c
    base_sensor_id: 3da6d03bd42e41a93dc941bd5fd9233d
    T_B_S:
      rows: 4
      cols: 4
      data:
        - [1,0,0,0]
        - [0,1,0,0]
        - [0,0,1,0]
        - [0,0,0,1]

  - sensor_id: 1111c3479caf7592b35518478j3de78s
    base_sensor_id: 3da6d03bd42e41a93dc941bd5fd9233d
    T_B_S:
      rows: 4
      cols: 4
      data:
        - [1,0,0,0]
        - [0,1,0,0]
        - [0,0,1,0]
        - [0,0,0,1]

  - sensor_id: 31749e537f44242303f6b37447ea16cc
    base_sensor_id: 3da6d03bd42e41a93dc941bd5fd9233d
    T_B_S:
      rows: 4
      cols: 4
      data:
        - [0.845235940207842, -0.533657514800257, 0.028033235242838,0.708746954588538]
        - [0.532706520082436, 0.845572586741006,0.035082246418751,-3.516427599399476]
        - [-0.042426039676446, -0.014719288343491, 0.998991177993096,0.156432376773972]
        - [0,0,0,1]

  - sensor_id: abf123479caf7592b35518478a1fa06d
    base_sensor_id: 3da6d03bd42e41a93dc941bd5fd9233d
    T_B_S:
      rows: 4
      cols: 4
      data:
        - [0.9997770641962381,  0.016299234847643,  -0.01344410000000, 0.0331989]
        - [-0.016286738363819,   0.999867935740224,  0.001094290000000, -0.121313]
        - [0.01346018117580,   -0.00087509685356,   0.999909000000000, 0.15737]
        - [0, 0, 0, 1]
