%YAML:1.0
cameras:
     - {T_SC:
            [-0.999914181049745, -0.009812526861206, -0.008680141255526, 0.04307205,
              0.008623359571530, 0.005814227555253, -0.999945914751211, -0.08894419,
              0.009862464464721, -0.999934952421673, -0.005729111636918, 0.04921697,
              0.0, 0.0, 0.0, 1.0],
        image_dimension: [720, 540],
        distortion_coefficients:  [-0.03945592508368481, 0.0006666690986538722, -0.002486306664168486, 0.00042250750815395503],
        distortion_type: equidistant,
        focal_length: [351.0428156950817, 350.9884792099844],
        principal_point: [361.61014421274814, 275.9740537178959]}
     - {T_SC:
            [0.999993315058955, 0.003451380245690, 0.001207398774814, -0.06292934,
             0.001221371678556, -0.004049260623397, -0.999991055829814, -0.08631673,
             -0.003446460303642, 0.999985845631229, -0.004053448972413, 0.04033255,
            0, 0, 0, 1],
        image_dimension: [720, 540],
        distortion_coefficients: [-0.03671736959641215, -0.0012031560990614194, -0.0012175498733418004, 0.00011391552811256003],
        distortion_type: equidistant,
        focal_length: [350.39906177992754, 350.38461881052297],
        principal_point: [374.16020018863065, 282.6931459822242]}

camera_params:
    camera_rate: 10 # just to manage the expectations of when there should be frames arriving
    sigma_absolute_translation: 1.0e-10 # The standard deviation of the camera extrinsics translation, e.g. 1.0e-10 for online-calib [m].
    sigma_absolute_orientation: 1.0e-3 # The standard deviation of the camera extrinsics orientation, e.g. 1.0e-3 for online-calib [rad].
    sigma_c_relative_translation: 1.0e-6 # The std. dev. of the cam. extr. transl. change between frames, e.g. 1.0e-6 for adaptive online calib (not less for numerics) [m].
    sigma_c_relative_orientation: 1.0e-6 # The std. dev. of the cam. extr. orient. change between frames, e.g. 1.0e-6 for adaptive online calib (not less for numerics) [rad].
    timestamp_tolerance: 0.005 # [s] stereo frame out-of-sync tolerance

imu_params:
    a_max: 150.0 # acceleration saturation [m/s^2]
    g_max: 7.5 # gyro saturation [rad/s]
    sigma_g_c: 1.805e-4 # gyro noise density [rad/s/sqrt(Hz)]
    sigma_a_c: 8.0e-3 # accelerometer noise density [m/s^2/sqrt(Hz)]
    sigma_bg: 0.03 # gyro bias prior [rad/s]
    sigma_ba: 0.1 # accelerometer bias prior [m/s^2]
    sigma_gw_c: 4.0e-6 # gyro drift noise density [rad/s^s/sqrt(Hz)]
    sigma_aw_c: 4.0e-5 # accelerometer drift noise density [m/s^2/sqrt(Hz)]
    tau: 3600.0 # reversion time constant, currently not in use [s]
    g: 9.81007 # Earth's acceleration due to gravity [m/s^2]
    a0: [ 0.0, 0.0, 0.0 ] # Accelerometer bias [m/s^2]
    imu_rate: 200
    # tranform Body-Sensor (IMU)
    T_BS:
        [1.0000, 0.0000, 0.0000, 0.0000,
         0.0000, 1.0000, 0.0000, 0.0000,
         0.0000, 0.0000, 1.0000, 0.0000,
         0.0000, 0.0000, 0.0000, 1.0000]

# Estimator parameters
numKeyframes: 5 # number of keyframes in optimisation window
numImuFrames: 3 # number of frames linked by most recent nonlinear IMU error terms

# ceres optimization options
ceres_options:
    minIterations: 3   # minimum number of iterations always performed
    maxIterations: 10  # never do more than these, even if not converged
    timeLimit: 0.035   # [s] negative values will set the an unlimited time limit

# detection
detection_options:
    threshold: 40.0      # detection threshold. By default the uniformity radius in pixels
    octaves: 3           # number of octaves for detection. 0 means single-scale at highest resolution
    maxNoKeypoints: 400  # restrict to a maximum of this many keypoints per image (strongest ones)

# delay of images [s]:
imageDelay: 0.0018037773858212566  # in case you are using a custom setup, you will have to calibrate this. 0 for the VISensor.

# display debug images?
displayImages: true  # displays debug video and keyframe matches. May be slow.

# use direct driver
useDriver: false

# some options for how and what to publish -- optional in ROS-free version
publishing_options:
    publish_rate:   10                   # rate at which odometry updates are published only works properly if imu_rate/publish_rate is an integer!!
    publishLandmarks: false            # select, if you want to publish landmarks at all
    landmarkQualityThreshold: 1.0e-2   # landmark with lower quality will not be published
    maximumLandmarkQuality: 0.05       # landmark with higher quality will be published with the maximum colour intensity
    maxPathLength: 20                  # maximum length of the published path
    publishImuPropagatedState: false   # Should the state that is propagated with IMU messages be published? Or just the optimized ones?
    # provide custom World frame Wc
    T_Wc_W:
        [1.0000, 0.0000, 0.0000, 0.0000,
         0.0000, 1.0000, 0.0000, 0.0000,
         0.0000, 0.0000, 1.0000, 0.0000,
         0.0000, 0.0000, 0.0000, 1.0000]
    trackedBodyFrame: B                # B or S, the frame of reference that will be expressed relative to the selected worldFrame
    velocitiesFrame: Wc                # Wc, B or S,  the frames in which the velocities of the selected trackedBodyFrame will be expressed in
