sensors:
  - id: 5d2fcf479caf7592b35518478a2fe08f
    sensor_type: IMU
    description: "ADIS-16448 IMU"
    topic: /VersaVIS/imu
    sigmas:
      gyro_noise_density: 0.005
      gyro_bias_random_walk_noise_density: 4e-06
      acc_noise_density: 0.01
      acc_bias_random_walk_noise_density: 0.0002
    saturation_accel_max_mps2: 150
    saturation_gyro_max_radps: 7.5
    gravity_magnitude_mps2: 9.808083883386614

  - id: abf123479caf7592b35518478a2fe08f
    sensor_type: LIDAR
    description: "Lidarstick - Ouster OS1"
    topic: /os1_node/points

  - id: ccf123479caf7592b35518478a2fe08f
    sensor_type: POINTCLOUD_MAP
    description: "Lidarstick - Ouster OS1"
    topic: /os1_node/points_throttled

  - id: aabb23479caf7592b35518478a2fe08f
    sensor_type: ODOMETRY_6DOF
    description: "ROVIOLI in Odometry mode"
    topic: /odometry/maplab_odom_T_M_I

  - id: 8af1bac2a7c5fad79f09e49e3b96d87c
    sensor_type: NCAMERA
    description: "Lidarstick - Blackfly S 0.4MP (Color/Mono) Stereo Pair"
    topic: ""
    cameras:
      - camera:
          id: ca27b5000f15adb3c0da8ac6b729ee05
          sensor_type: CAMERA
          topic: /VersaVIS/cam1
          description: Blackfly S 0.4MP Mono Camera
          compressed: false
          line-delay-nanoseconds: 0
          image_height: 540
          image_width: 720
          type: pinhole
          intrinsics:
            rows: 4
            cols: 1
            data:
              - 315.036365111022
              - 314.7777302109562
              - 371.5234418494064
              - 274.1582121642695
          distortion:
            type: equidistant
            parameters:
              rows: 4
              cols: 1
              data:
                - 0.004294707394993892
                - 0.002828805286583353
                - -0.001020525835559783
                - -7.590092452658293e-06
        T_B_C:
          rows: 4
          cols: 4
          data:
            - [-0.999930964975964, -0.01082643848260112, 0.004566564575202013, -0.163369804665471]
            - [0.004570094142827186, -0.0003012963759765341, 0.9999895116750072, 0.04529473002470941]
            - [-0.01082494904203863, 0.9999413470050512, 0.0003507534190712036, 0.05707516120354506]
            - [0, 0, 0, 1]
      - camera:
          id: ca17b5000f15adb3c0da8ac6b729ee05
          sensor_type: CAMERA
          topic: /VersaVIS/cam0
          description: Blackfly S 0.4MP Color Camera
          compressed: false
          line-delay-nanoseconds: 0
          image_height: 540
          image_width: 720
          type: pinhole
          intrinsics:
            rows: 4
            cols: 1
            data:
              - 318.0019875353242
              - 318.0350993382023
              - 368.5231845333243
              - 275.2324212192576
          distortion:
            type: equidistant
            parameters:
              rows: 4
              cols: 1
              data:
                - 0.003897582341410176
                - 0.001750312465080385
                - 0.001178520847089571
                - -0.001206220913930037
        T_B_C:
          rows: 4
          cols: 4
          data:
            - [-0.9999167052168665, -0.009931880027288757, -0.008242595912128017, -0.03473509362237907]
            - [-0.00824238561886499, -6.210627181046924e-05, 0.9999660290340474, 0.04263104376429742]
            - [-0.009932054548632645, 0.9999506757345259, -1.976128642344754e-05, 0.05802737109090079]
            - [0, 0, 0, 1]
extrinsics:
  - sensor_id: abf123479caf7592b35518478a2fe08f
    base_sensor_id: 5d2fcf479caf7592b35518478a2fe08f
    T_B_S:
      rows: 4
      cols: 4
      data:
        - [-0.6978447576305695, 0.7161518144580716, 0.01180139381358678, -0.1021019447103219]
        - [0.7160088243900917, 0.697942707663664, -0.01439931299167545, -0.08936602296234536]
        - [-0.01854879087839803, -0.001598582974091693, -0.999826678424528, -0.07460082421278309]
        - [0, 0, 0, 1]

  - sensor_id: ccf123479caf7592b35518478a2fe08f
    base_sensor_id: 5d2fcf479caf7592b35518478a2fe08f
    T_B_S:
      rows: 4
      cols: 4
      data:
        - [-0.6978447576305695, 0.7161518144580716, 0.01180139381358678, -0.1021019447103219]
        - [0.7160088243900917, 0.697942707663664, -0.01439931299167545, -0.08936602296234536]
        - [-0.01854879087839803, -0.001598582974091693, -0.999826678424528, -0.07460082421278309]
        - [0, 0, 0, 1]

  - sensor_id: 5d2fcf479caf7592b35518478a2fe08f
    base_sensor_id: 5d2fcf479caf7592b35518478a2fe08f
    T_B_S:
      rows: 4
      cols: 4
      data:
        - [1,0,0,0]
        - [0,1,0,0]
        - [0,0,1,0]
        - [0,0,0,1]

  - sensor_id: aabb23479caf7592b35518478a2fe08f
    base_sensor_id: 5d2fcf479caf7592b35518478a2fe08f
    T_B_S:
      rows: 4
      cols: 4
      data:
        - [1,0,0,0]
        - [0,1,0,0]
        - [0,0,1,0]
        - [0,0,0,1]

  - sensor_id: 8af1bac2a7c5fad79f09e49e3b96d87c
    base_sensor_id: 5d2fcf479caf7592b35518478a2fe08f
    T_B_S:
      rows: 4
      cols: 4
      data:
        - [1,0,0,0]
        - [0,1,0,0]
        - [0,0,1,0]
        - [0,0,0,1]
