sensors:
  - id: 5d2fcf479caf7592b35518478a2fe08f
    sensor_type: IMU
    description: "VectorNav VN100 IMU"
    topic: /vn100/imu
    sigmas:
      gyro_noise_density: 0.001732
      gyro_bias_random_walk_noise_density: 0.00006164414
      acc_noise_density: 0.02
      acc_bias_random_walk_noise_density: 0.0001
    saturation_accel_max_mps2: 156.9
    saturation_gyro_max_radps: 7.5
    gravity_magnitude_mps2: 9.808083883386614

  - id: aabb23479caf7592b35518478a2fe08f
    sensor_type: ODOMETRY_6DOF
    description: "ROVIOLI in Odometry mode"
    topic: /odometry/maplab_odom_T_M_I

  - id: abf124379caf7592b35518478a2fe08a
    sensor_type: LIDAR
    description: "Ouster OS-1"
    topic: /velodyne_points

  - id: 8af1bac2a7c5fad79f09e49e3b96d87c
    sensor_type: NCAMERA
    description: "Blackfly S Grayscale 0.4MP (NCamera)"
    topic: ""
    T_G_B_fixed_covariance:
      rows: 6
      cols: 6
      data:
        - [0.1,0,0,0,0,0]
        - [0,0.1,0,0,0,0]
        - [0,0,0.1,0,0,0]
        - [0,0,0,0.01,0,0]
        - [0,0,0,0,0.01,0]
        - [0,0,0,0,0,0.01]
    cameras:
      - camera:
          id: 9be7b5000f15adb3c0da8ac6b729ee05
          sensor_type: CAMERA
          description: "Blackfly S 0.4MP Mono Camera"
          topic: /camera
          line-delay-nanoseconds: 0
          image_height: 540
          image_width: 720
          type: pinhole
          intrinsics:
            rows: 4
            cols: 1
            data:
              - 593.690871957
              - 593.74699226
              - 388.42480338
              - 274.84471313
          distortion:
            type: equidistant
            parameters:
              rows: 4
              cols: 1
              data:
                - -0.025457951864817117
                - 0.009902106702461878
                - -0.043069796963119425
                - 0.05057305222464838
        T_B_C:
          rows: 4
          cols: 4
          data:
            - -0.1668219
            - 0.0000246
            - 0.9859871
            - 0.1634223445372578
            - -0.9859628
            - -0.0070147
            - -0.1668177
            - 0.007332099372462802
            - 0.0069123
            - -0.9999754
            - 0.0011945
            - -0.05780487772120063
            - 0
            - 0
            - 0
            - 1

extrinsics:
  - sensor_id: 8af1bac2a7c5fad79f09e49e3b96d87c
    base_sensor_id: 5d2fcf479caf7592b35518478a2fe08f
    T_B_S:
      rows: 4
      cols: 4
      data:
        - [1,0,0,0]
        - [0,1,0,0]
        - [0,0,1,0]
        - [0,0,0,1]
  - sensor_id: 5d2fcf479caf7592b35518478a2fe08f
    base_sensor_id: 5d2fcf479caf7592b35518478a2fe08f
    T_B_S:
      rows: 4
      cols: 4
      data:
        - [1,0,0,0]
        - [0,1,0,0]
        - [0,0,1,0]
        - [0,0,0,1]
  - sensor_id: aabb23479caf7592b35518478a2de04c
    base_sensor_id: 5d2fcf479caf7592b35518478a2fe08f
    T_B_S:
      rows: 4
      cols: 4
      data:
        - [-0.1668219,0.0000246,0.9859871,0.1634223445372578]
        - [-0.9859628,-0.0070147,-0.1668177,0.007332099372462802]
        - [0.0069123, -0.9999754, 0.0011945,-0.05780487772120063]
        - [0, 0, 0, 1]
  - sensor_id: abf124379caf7592b35518478a2fe08a
    base_sensor_id: 5d2fcf479caf7592b35518478a2fe08f
    T_B_S:
      rows: 4
      cols: 4
      data:
        - [0.976146,0.139679,-0.166223,0.005083]
        - [-0.137223,0.990193,0.026228,0.030783]
        - [0.168257,-0.002793,0.985739,0.080485]
        - [0, 0, 0, 1]
  - sensor_id: aabb23479caf7592b35518478a2fe08f
    base_sensor_id: 5d2fcf479caf7592b35518478a2fe08f
    T_B_S:
      rows: 4
      cols: 4
      data:
        - [1,0,0,0]
        - [0,1,0,0]
        - [0,0,1,0]
        - [0,0,0,1]
