sensors:
  - id: 6a62c6daae103f4ff57a132d6f95cec2
    sensor_type: IMU
    description: "ADIS-16448 IMU"
    topic: /imu0
    sigmas:
      gyro_noise_density: 0.005
      gyro_bias_random_walk_noise_density: 4e-06
      acc_noise_density: 0.01
      acc_bias_random_walk_noise_density: 0.0002
    saturation_accel_max_mps2: 150
    saturation_gyro_max_radps: 7.5
    gravity_magnitude_mps2: 9.808083883386614

  - id: aabb23479caf7592b35518478a2fe08f
    sensor_type: ODOMETRY_6DOF
    description: "ROVIOLI in Odometry mode"
    topic: /odometry/maplab_odom_T_M_I

  - id: 20000000000000000000000000000000
    sensor_type: WHEEL_ODOMETRY
    description: "Wheel Odometry"
    topic: /ridgeback_velocity_controller/odom
    T_St_Stp1_fixed_covariance:
      rows: 6
      cols: 6
      data:
        - [0.001, 0, 0, 0, 0, 0]
        - [0, 0.001, 0, 0, 0, 0]
        - [0, 0, 1000, 0, 0, 0]
        - [0, 0, 0, 1000, 0, 0]
        - [0, 0, 0, 0, 1000, 0]
        - [0, 0, 0, 0, 0, 0.01]

  - id: fcb6857917fa910083505899b7af880e
    sensor_type: NCAMERA
    description: "YuMi ASL - VISensor"
    topic: ""
    cameras:
      - camera:
          id: 9be7b5000f15adb3c0da8ac6b729ee05
          sensor_type: CAMERA
          description: "cam0 (grayscale)"
          topic: /cam0
          line-delay-nanoseconds: 0
          image_height: 480
          image_width: 752
          type: pinhole
          intrinsics:
            rows: 4
            cols: 1
            data:
              - 467.7185302266522
              - 467.50284449942194
              - 376.49247395386993
              - 231.25834555925724
          distortion:
            type: equidistant
            parameters:
              rows: 4
              cols: 1
              data:
                - -6.721129525617227e-05
                - 0.02389565221548289
                - -0.03134243202804226
                - 0.016771839784748832
        T_B_C:
          rows: 4
          cols: 4
          data:
            - [0.004586549662166983, -0.999988707809936, 0.001244112057292582, -0.014660469688100301]
            - [0.9999866029433783, 0.004589518191363218, 0.0023937954243173844, -0.06661739819211462]
            - [-0.002399478268043517, 0.0012331161282582073, 0.9999963609577065, 0.0011417354855617445]
            - [0.0, 0.0, 0.0, 1.0]
extrinsics:
  - sensor_id: 6a62c6daae103f4ff57a132d6f95cec2
    base_sensor_id: 6a62c6daae103f4ff57a132d6f95cec2
    T_B_S:
      rows: 4
      cols: 4
      data:
        - [1,0,0,0]
        - [0,1,0,0]
        - [0,0,1,0]
        - [0,0,0,1]

  - sensor_id: aabb23479caf7592b35518478a2fe08f
    base_sensor_id: 6a62c6daae103f4ff57a132d6f95cec2
    T_B_S:
      rows: 4
      cols: 4
      data:
        - [1,0,0,0]
        - [0,1,0,0]
        - [0,0,1,0]
        - [0,0,0,1]

  - sensor_id: 20000000000000000000000000000000
    base_sensor_id: 6a62c6daae103f4ff57a132d6f95cec2
    T_B_S:
      rows: 4
      cols: 4
      data:
        - [-0.9971264459764331, -0.02437854241415188, 0.07172543066561279, -0.3474484513826622]
        - [0.03535694266960474, -0.9871204856867448, 0.1560225411362798, -0.01767237348249902]
        - [0.06699803981807614, 0.1581101938754273, 0.9851458923698613, 0.246728121987497]
        - [0, 0, 0, 1]

  - sensor_id: fcb6857917fa910083505899b7af880e
    base_sensor_id: 6a62c6daae103f4ff57a132d6f95cec2
    T_B_S:
      rows: 4
      cols: 4
      data:
        - [1,0,0,0]
        - [0,1,0,0]
        - [0,0,1,0]
        - [0,0,0,1]
