sensors:
  - id: c63aecb41bfdfd6b7e1fac37c7cbe7bf
    topic: /mavros/imu/data_raw
    description: "VI-Sensor IMU (ADIS16448)"
    sensor_type: IMU
    sigmas:
      acc_noise_density:                    0.01
      acc_bias_random_walk_noise_density:   0.005
      gyro_noise_density:                   0.0002
      gyro_bias_random_walk_noise_density:  0.0006
    saturation_accel_max_mps2:              150.0
    saturation_gyro_max_radps:              7.5
    gravity_magnitude_mps2:                 9.81

  - id: aabb23479caf7592b35518478a2fe08f
    sensor_type: ODOMETRY_6DOF
    description: "Pixhawk GPS and IMU fusion"
    topic: /mavros/odometry

  - id: ff000000000000000000000000000001
    sensor_type: EXTERNAL_FEATURES
    description: "SIFT features"
    topic: /maplab_features0
    target_sensor: 54812562fa109c40fe90b29a59dd7798
    feature_type: SIFT

  - id: 412eab8e4058621f7036b5e765dfe812
    sensor_type: NCAMERA
    description: "Fixed winged camera setup"
    topic: ""
    cameras:
      - camera:
          id: 54812562fa109c40fe90b29a59dd7798
          sensor_type: CAMERA
          description: "RGB"
          topic: /camera
          line-delay-nanoseconds: 0
          image_height: 1216
          image_width: 1936
          type: pinhole
          intrinsics:
            cols: 1
            rows: 4
            data: [2730.487024895857, 2726.6078970909707, 966.7108401323537, 612.3483844249646]
          distortion:
            type: equidistant
            parameters:
              cols: 1
              rows: 4
              data: [0.21554321005051225, 0.0709646723383754, -0.450855641602387, 13.052459045574953]
        T_B_C:
          cols: 4
          rows: 4
          data: [-0.01500233,  0.99981408,  0.01211368,  0.06681088,
                  0.9998871,   0.01501146, -0.00066282,  0.023655,
                 -0.00084454,  0.01210237, -0.99992641, -0.04676751,
                  0.0, 0.0, 0.0, 1.0]

extrinsics:
  - sensor_id: 412eab8e4058621f7036b5e765dfe812
    base_sensor_id: c63aecb41bfdfd6b7e1fac37c7cbe7bf
    T_B_S:
      cols: 4
      rows: 4
      data:
        - [1,0,0,0]
        - [0,1,0,0]
        - [0,0,1,0]
        - [0,0,0,1]

  - sensor_id: c63aecb41bfdfd6b7e1fac37c7cbe7bf
    base_sensor_id: c63aecb41bfdfd6b7e1fac37c7cbe7bf
    T_B_S:
      rows: 4
      cols: 4
      data:
        - [1,0,0,0]
        - [0,1,0,0]
        - [0,0,1,0]
        - [0,0,0,1]

  - sensor_id: aabb23479caf7592b35518478a2fe08f
    base_sensor_id: c63aecb41bfdfd6b7e1fac37c7cbe7bf
    T_B_S:
      rows: 4
      cols: 4
      data:
        - [1,0,0,0]
        - [0,1,0,0]
        - [0,0,1,0]
        - [0,0,0,1]

  - sensor_id: ff000000000000000000000000000001
    base_sensor_id: c63aecb41bfdfd6b7e1fac37c7cbe7bf
    T_B_S:
      rows: 4
      cols: 4
      data:
        - [1,0,0,0]
        - [0,1,0,0]
        - [0,0,1,0]
        - [0,0,0,1]
