sensors:
  - id: c63aecb41bfdfd6b7e1fac37c7cbe7bf
    topic: /imu0
    description: "VI-Sensor IMU (ADIS16448)"
    sensor_type: IMU
    sigmas:
      acc_noise_density: 4e-3
      acc_bias_random_walk_noise_density: 4e-3
      gyro_noise_density: 1e-4
      gyro_bias_random_walk_noise_density: 1e-4
    saturation_accel_max_mps2: 150.0
    saturation_gyro_max_radps: 7.5
    gravity_magnitude_mps2: 9.81

  - id: aabb23479caf7592b35518478a2fe08f
    sensor_type: ODOMETRY_6DOF
    description: "ROVIOLI in Odometry mode"
    topic: /odometry/maplab_odom_T_M_I

  - id: 412eab8e4058621f7036b5e765dfe812
    sensor_type: NCAMERA
    description: "VISensor - Euroc - original_calibration"
    topic: ""
    cameras:
      - camera:
          id: 54812562fa109c40fe90b29a59dd7798
          sensor_type: CAMERA
          description: "VI-Sensor cam0 (MT9M034)"
          topic: /cam0
          line-delay-nanoseconds: 0
          image_height: 480
          image_width: 752
          type: pinhole
          intrinsics:
            cols: 1
            rows: 4
            data: [466.9152699669226, 467.0852846795041, 389.39384471885984, 234.7415606215252]
          distortion:
            type: equidistant
            parameters:
              cols: 1
              rows: 4
              data: [0.000729231994360391, 0.02147266942532686, -0.03619758773846729, 0.021814744313404272]
        T_C_B:
          cols: 4
          rows: 4
          data: [0.006598769359095202, 0.9999730881984381, 0.003206106957800388, 0.06714413747753253,
                -0.9999645437129245, 0.00658187197996829, 0.005252644880669657, -0.012230986424877313,
                0.005231401336982624, -0.003240654273244467, 0.9999810651207017, 0.0009273074969039611,
                0.0, 0.0, 0.0, 1.0]

extrinsics:
  - sensor_id: 412eab8e4058621f7036b5e765dfe812
    base_sensor_id: c63aecb41bfdfd6b7e1fac37c7cbe7bf
    T_B_S:
      cols: 4
      rows: 4
      data:
        - [1,0,0,0]
        - [0,1,0,0]
        - [0,0,1,0]
        - [0,0,0,1]

  - sensor_id: c63aecb41bfdfd6b7e1fac37c7cbe7bf
    base_sensor_id: c63aecb41bfdfd6b7e1fac37c7cbe7bf
    T_B_S:
      rows: 4
      cols: 4
      data:
        - [1,0,0,0]
        - [0,1,0,0]
        - [0,0,1,0]
        - [0,0,0,1]

  - sensor_id: aabb23479caf7592b35518478a2fe08f
    base_sensor_id: c63aecb41bfdfd6b7e1fac37c7cbe7bf
    T_B_S:
      rows: 4
      cols: 4
      data:
        - [1,0,0,0]
        - [0,1,0,0]
        - [0,0,1,0]
        - [0,0,0,1]
