sensors:
  - id: 5d2fcf479caf7592b35518478a2fe08f
    sensor_type: IMU
    description: "XSense IMU"
    topic: /xsensmt_head/imu
    sigmas:
      gyro_noise_density: 0.02286919325
      gyro_bias_random_walk_noise_density: 0.00515751878
      acc_noise_density: 0.04312771731
      acc_bias_random_walk_noise_density: 0.02080865205
    saturation_accel_max_mps2: 150
    saturation_gyro_max_radps: 7.5
    gravity_magnitude_mps2: 9.808083883386614

  - id: aabb23479caf7592b35518478a2fe08f
    sensor_type: ODOMETRY_6DOF
    description: "ROVIOLI in Odometry mode"
    topic: /odometry/maplab_odom_T_M_I

  - id: 20000000000000000000000000000000
    sensor_type: WHEEL_ODOMETRY
    description: "Leg Odometry"
    topic: /state_estimator/odometry_throttle

  - id: 8af1bac2a7c5fad79f09e49e3b96d87c
    sensor_type: NCAMERA
    description: Blackfly S Grayscale 0.4MP (NCamera)
    topic: ""
    cameras:
      - camera:
          id: 9be7b5000f15adb3c0da8ac6b729ee05
          sensor_type: CAMERA
          description: "Blackfly S 0.4MP Mono Camera"
          topic: /blackfly
          line-delay-nanoseconds: 0
          image_height: 540
          image_width: 720
          type: pinhole
          intrinsics:
            rows: 4
            cols: 1
            data:
              - 318.43685617748287
              - 318.4824861924074
              - 372.9600312400233
              - 285.0436434899418
          distortion:
            type: equidistant
            parameters:
              rows: 4
              cols: 1
              data:
                - 0.004194011735866441
                - -0.004104441494637469
                - 0.0062361563729845
                - -0.002186897308963466
        T_B_C:
          rows: 4
          cols: 4
          data:
            - -0.999482114090881
            - -0.018969619323954
            - -0.025993405993206
            - -0.0144536519848
            - 0.017788796469889
            - -0.998831760705805
            - 0.044929639721398
            - 0.0467428307004
            - -0.026815337636812
            - 0.044443979885312
            - 0.998651926508620
            - 0.00980879614248
            - 0
            - 0
            - 0
            - 1
extrinsics:
  - sensor_id: 8af1bac2a7c5fad79f09e49e3b96d87c
    base_sensor_id: 5d2fcf479caf7592b35518478a2fe08f
    T_B_S:
      rows: 4
      cols: 4
      data:
        - [1,0,0,0]
        - [0,1,0,0]
        - [0,0,1,0]
        - [0,0,0,1]
  - sensor_id: 5d2fcf479caf7592b35518478a2fe08f
    base_sensor_id: 5d2fcf479caf7592b35518478a2fe08f
    T_B_S:
      rows: 4
      cols: 4
      data:
        - [1,0,0,0]
        - [0,1,0,0]
        - [0,0,1,0]
        - [0,0,0,1]
  - sensor_id: aabb23479caf7592b35518478a2fe08f
    base_sensor_id: 5d2fcf479caf7592b35518478a2fe08f
    T_B_S:
      rows: 4
      cols: 4
      data:
        - [1,0,0,0]
        - [0,1,0,0]
        - [0,0,1,0]
        - [0,0,0,1]
  - sensor_id: 20000000000000000000000000000000
    base_sensor_id: 5d2fcf479caf7592b35518478a2fe08f
    T_B_S:
      rows: 4
      cols: 4
      data:
        - [-0.014066444847776, 0.999814129085747, -0.013184931166009, -0.028396606896071]
        - [0.035374863848560, 0.013675585598662, 0.999280539871676, -0.136036305126748]
        - [0.999275114338909, 0.013589909456711, -0.035560655560859, -0.389869784548960]
        - [0, 0, 0, 1]
