sensors:
  - id: aabb23479caf7592b35518478a2fe08f
    sensor_type: ODOMETRY_6DOF
    topic: /odometry/maplab_odom_T_M_I
    description: ROVIOLI in Odometry mode
  - id: 5d2fcf479caf7592b35518478a2fe08f
    sensor_type: IMU
    topic: /imu0
    description: Tango Lenovo IMU (BMI055)
    sigmas:
      gyro_noise_density: 0.0007309
      gyro_bias_random_walk_noise_density: 0.01413
      acc_noise_density: 0.0188
      acc_bias_random_walk_noise_density: 0.012589
    saturation_accel_max_mps2: 150
    saturation_gyro_max_radps: 7.5
    gravity_magnitude_mps2: 9.808083883386614
  - id: 8af1bac2a7c5fad79f09e49e3b96d87c
    sensor_type: NCAMERA
    topic: ""
    description: Tango Lenovo Fisheye Camera
    cameras:
      - camera:
          id: ca27b5000f15adb3c0da8ac6b729ee05
          sensor_type: CAMERA
          topic: /camera/fisheye
          description: Tango Lenovo Fisheye Camera
          line-delay-nanoseconds: 0
          image_height: 480
          image_width: 640
          type: pinhole
          intrinsics:
            rows: 4
            cols: 1
            data:
              - 257.6718136876041
              - 258.1559643350999
              - 327.7337690028205
              - 229.1120232879762
          distortion:
            type: fisheye
            parameters:
              rows: 1
              cols: 1
              data:
                - 0.932489670230815
        T_B_C:
          rows: 4
          cols: 4
          data:
            - [0.01485979294961648, 0.9998813102248828, -0.004068416948407547, 0.005224266988043425]
            - [0.9998866182599343, -0.01484971039347216, 0.002497343777399545, -0.004059101273145655]
            - [0.00243663255478447, -0.004105065675670794, -0.9999886055638791, -0.003075503564656978]
            - [0, 0, 0, 1]
extrinsics:
  - sensor_id: aabb23479caf7592b35518478a2fe08f
    base_sensor_id: 5d2fcf479caf7592b35518478a2fe08f
    T_B_S:
      rows: 4
      cols: 4
      data:
        - [1, 0, 0, 0]
        - [0, 1, 0, 0]
        - [0, 0, 1, 0]
        - [0, 0, 0, 1]
  - sensor_id: 5d2fcf479caf7592b35518478a2fe08f
    base_sensor_id: 5d2fcf479caf7592b35518478a2fe08f
    T_B_S:
      rows: 4
      cols: 4
      data:
        - [1, 0, 0, 0]
        - [0, 1, 0, 0]
        - [0, 0, 1, 0]
        - [0, 0, 0, 1]
  - sensor_id: 8af1bac2a7c5fad79f09e49e3b96d87c
    base_sensor_id: 5d2fcf479caf7592b35518478a2fe08f
    T_B_S:
      rows: 4
      cols: 4
      data:
        - [1, 0, 0, 0]
        - [0, 1, 0, 0]
        - [0, 0, 1, 0]
        - [0, 0, 0, 1]
