%YAML:1.0
cameras:
     - {T_SC:
        [ -0.002821475675, -0.003074758359, 0.999991292530, 0.05067834857850693,
          -0.999995472623, -0.001037272511, -0.002824676859, 0.0458784339890185,
          0.001045948678, -0.999994734950, -0.003071817799, -0.005943648304780761,
           0.0, 0.0, 0.0, 1.0],
        image_dimension: [1440, 1080],
        distortion_coefficients: [-0.0395909069, -0.0041727433, 0.0030288415, -0.0012784168],
        distortion_type: equidistant,
        focal_length: [701.6682111281, 701.55526909],
        principal_point: [703.6097253263, 530.4665279367]}

     - {T_SC:
        [ -0.002731256802, 0.001246716447, 0.999995492957, 0.0507054642910155,
          0.999990530035, 0.003391641318, 0.002727014813, -0.060959522169800155,
          -0.003388226217, 0.999993471212, -0.001255968084, -0.005930631162279414,
           0.0, 0.0, 0.0, 1.0],
        image_dimension: [1440, 1080],
        distortion_coefficients: [-0.0392852639, -0.0023244164, -0.0005553017, 0.0002238156],
        distortion_type: equidistant,
        focal_length: [702.3538912351, 702.1759854802],
        principal_point: [718.7749348353, 535.2856167618]}


camera_params:
    camera_rate: 10 # just to manage the expectations of when there should be frames arriving
    sigma_absolute_translation: 0.0 # The standard deviation of the camera extrinsics translation, e.g. 1.0e-10 for online-calib [m].
    sigma_absolute_orientation: 0.0 # The standard deviation of the camera extrinsics orientation, e.g. 1.0e-3 for online-calib [rad].
    sigma_c_relative_translation: 0.0 # The std. dev. of the cam. extr. transl. change between frames, e.g. 1.0e-6 for adaptive online calib (not less for numerics) [m].
    sigma_c_relative_orientation: 0.0 # The std. dev. of the cam. extr. orient. change between frames, e.g. 1.0e-6 for adaptive online calib (not less for numerics) [rad].
    timestamp_tolerance: 0.005 # [s] stereo frame out-of-sync tolerance

imu_params:
    a_max: 150.0 # acceleration saturation [m/s^2]
    g_max: 7.5 # gyro saturation [rad/s]
    sigma_g_c: 0.019 # gyro noise density [rad/s/sqrt(Hz)]
    sigma_a_c: 0.019 # accelerometer noise density [m/s^2/sqrt(Hz)]
    sigma_bg: 0.01 # gyro bias prior [rad/s]
    sigma_ba: 0.1 # accelerometer bias prior [m/s^2]
    sigma_gw_c: 0.000266 # gyro drift noise density [rad/s^s/sqrt(Hz)]
    sigma_aw_c: 0.0043 # accelerometer drift noise density [m/s^2/sqrt(Hz)]
    tau: 3600.0 # reversion time constant, currently not in use [s]
    g: 9.808083883386614 # Earth's acceleration due to gravity [m/s^2]
    a0: [ 0.0, 0.0, 0.0 ] # Accelerometer bias [m/s^2]
    imu_rate: 200
    # tranform Body-Sensor (IMU)
    T_BS:
        [1.0000, 0.0000, 0.0000, 0.0000,
         0.0000, 1.0000, 0.0000, 0.0000,
         0.0000, 0.0000, 1.0000, 0.0000,
         0.0000, 0.0000, 0.0000, 1.0000]

# Estimator parameters
numKeyframes: 5 # number of keyframes in optimisation window
numImuFrames: 3 # number of frames linked by most recent nonlinear IMU error terms

# ceres optimization options
ceres_options:
    minIterations: 3   # minimum number of iterations always performed
    maxIterations: 10  # never do more than these, even if not converged
    timeLimit: 0.05    # [s] negative values will set the an unlimited time limit

# detection
detection_options:
    threshold: 40.0      # detection threshold. By default the uniformity radius in pixels
    octaves: 0           # number of octaves for detection. 0 means single-scale at highest resolution
    maxNoKeypoints: 400  # restrict to a maximum of this many keypoints per image (strongest ones)

# delay of images [s]:
imageDelay: 0.0  # in case you are using a custom setup, you will have to calibrate this. 0 for the VISensor.

# display debug images?
displayImages: false  # displays debug video and keyframe matches. May be slow.

# use direct driver
useDriver: false

# some options for how and what to publish -- optional in ROS-free version
publishing_options:
    publish_rate: 10                   # rate at which odometry updates are published only works properly if imu_rate/publish_rate is an integer!!
    publishLandmarks: false            # select, if you want to publish landmarks at all
    landmarkQualityThreshold: 1.0e-2   # landmark with lower quality will not be published
    maximumLandmarkQuality: 0.05       # landmark with higher quality will be published with the maximum colour intensity
    maxPathLength: 20                  # maximum length of the published path
    publishImuPropagatedState: false   # Should the state that is propagated with IMU messages be published? Or just the optimized ones?
    # provide custom World frame Wc
    T_Wc_W:
        [1.0000, 0.0000, 0.0000, 0.0000,
         0.0000, 1.0000, 0.0000, 0.0000,
         0.0000, 0.0000, 1.0000, 0.0000,
         0.0000, 0.0000, 0.0000, 1.0000]
    trackedBodyFrame: B                # B or S, the frame of reference that will be expressed relative to the selected worldFrame
    velocitiesFrame: Wc                # Wc, B or S,  the frames in which the velocities of the selected trackedBodyFrame will be expressed in
