%YAML:1.0
cameras:
     - {T_SC:
        [ 0.0067080214518005, 0.0024256436418035, 0.9999745590269414, 0.0512635496824681,
          0.9999264200621182, 0.0100911970216883, -0.0067321767970211, 0.0453901220122368,
          -0.0101072701536599, 0.9999461405473763, -0.0023577731969992, -0.0132149126987094,
           0.0, 0.0, 0.0, 1.0],
        image_dimension: [720, 540],
        distortion_coefficients: [-0.039086652082708805, -0.005525347047415151, 0.004398151558986798, -0.0019701263170917808],
        distortion_type: equidistant,
        focal_length: [352.6489794433894, 352.8586498571586],
        principal_point: [347.8170010310082, 270.5806692485468]}

     - {T_SC:
        [ 0.0016556126470598, 0.0009350089535379, 0.9999981923508761, 0.0503920182199237,
          0.9999840642813064, 0.0053956906150397, -0.0016606342845621, -0.0627831669975007,
          -0.0053972335694490, 0.9999850060281121, -0.0009260608798764, -0.0131432680426853,
          0.0, 0.0, 0.0, 1.0],
        image_dimension: [720, 540],
        distortion_coefficients: [-0.041202246303621064, -0.0012607385825244833, 0.0006712169937177444, -0.0006234254968089226],
        distortion_type: equidistant,
        focal_length: [350.70040966794545, 350.8792449525716],
        principal_point: [375.2977403521422, 268.5927747079796]}


camera_params:
    camera_rate: 40 # just to manage the expectations of when there should be frames arriving
    sigma_absolute_translation: 0.0 # The standard deviation of the camera extrinsics translation, e.g. 1.0e-10 for online-calib [m].
    sigma_absolute_orientation: 0.0 # The standard deviation of the camera extrinsics orientation, e.g. 1.0e-3 for online-calib [rad].
    sigma_c_relative_translation: 0.0 # The std. dev. of the cam. extr. transl. change between frames, e.g. 1.0e-6 for adaptive online calib (not less for numerics) [m].
    sigma_c_relative_orientation: 0.0 # The std. dev. of the cam. extr. orient. change between frames, e.g. 1.0e-6 for adaptive online calib (not less for numerics) [rad].
    timestamp_tolerance: 0.005 # [s] stereo frame out-of-sync tolerance

imu_params:
    a_max: 40.0 # acceleration saturation [m/s^2]
    g_max: 6.0  # gyro saturation [rad/s]
    sigma_g_c: 0.013 # gyro noise density [rad/s/sqrt(Hz)]
    sigma_a_c: 0.032 # accelerometer noise density [m/s^2/sqrt(Hz)]
    sigma_bg: 0.03 # gyro bias prior [rad/s]
    sigma_ba: 0.1 # accelerometer bias prior [m/s^2]
    sigma_gw_c: 0.0017 # gyro drift noise density [rad/s^s/sqrt(Hz)]
    sigma_aw_c: 0.0147 # accelerometer drift noise density [m/s^2/sqrt(Hz)]
    tau: 3600.0 # reversion time constant, currently not in use [s]
    g: 9.808083883386614 # Earth's acceleration due to gravity [m/s^2]
    a0: [ 0.0, 0.0, 0.0 ] # Accelerometer bias [m/s^2]
    imu_rate: 400
    # tranform Body-Sensor (IMU)
    T_BS:
        [1.0000, 0.0000, 0.0000, 0.0000,
         0.0000, 1.0000, 0.0000, 0.0000,
         0.0000, 0.0000, 1.0000, 0.0000,
         0.0000, 0.0000, 0.0000, 1.0000]

# Estimator parameters
numKeyframes: 7 # number of keyframes in optimisation window
numImuFrames: 3  # number of frames linked by most recent nonlinear IMU error terms

# ceres optimization options
ceres_options:
    minIterations: 3    # minimum number of iterations always performed
    maxIterations: 10  # never do more than these, even if not converged
    timeLimit: 0.005      # [s] negative values will set the an unlimited time limit

# detection
detection_options:
    threshold: 20.0      # detection threshold. By default the uniformity radius in pixels
    octaves: 2           # number of octaves for detection. 0 means single-scale at highest resolution
    maxNoKeypoints: 400 # restrict to a maximum of this many keypoints per image (strongest ones)

# delay of images [s]:
imageDelay: -0.0019  # in case you are using a custom setup, you will have to calibrate this. 0 for the VISensor.

# display debug images?
displayImages: false  # displays debug video and keyframe matches. May be slow.

# use direct driver
useDriver: false

# some options for how and what to publish -- optional in ROS-free version
publishing_options:
    publish_rate: 40                   # rate at which odometry updates are published only works properly if imu_rate/publish_rate is an integer!!
    publishLandmarks: false            # select, if you want to publish landmarks at all
    landmarkQualityThreshold: 1.0e-2   # landmark with lower quality will not be published
    maximumLandmarkQuality: 0.05       # landmark with higher quality will be published with the maximum colour intensity
    maxPathLength: 20                  # maximum length of the published path
    publishImuPropagatedState: false   # Should the state that is propagated with IMU messages be published? Or just the optimized ones?
    # provide custom World frame Wc
    T_Wc_W:
        [1.0000, 0.0000, 0.0000, 0.0000,
         0.0000, 1.0000, 0.0000, 0.0000,
         0.0000, 0.0000, 1.0000, 0.0000,
         0.0000, 0.0000, 0.0000, 1.0000]
    trackedBodyFrame: B                # B or S, the frame of reference that will be expressed relative to the selected worldFrame
    velocitiesFrame: Wc                # Wc, B or S,  the frames in which the velocities of the selected trackedBodyFrame will be expressed in
