sensors:
  - id:                                    3da6d03bd42e41a93dc941bd5fd9353d
    sensor_type:                           IMU
    description:                           "Bosch BMI085 IMU"
    topic:                                 /alphasense/imu
    sigmas:
      acc_bias_random_walk_noise_density:  0.0043
      acc_noise_density:                   0.019
      gyro_bias_random_walk_noise_density: 0.000266
      gyro_noise_density:                  0.019
    saturation_accel_max_mps2:             150
    saturation_gyro_max_radps:             7.5
    gravity_magnitude_mps2:                9.808083883386614


  - id:                                    bbf123479caf7592b35518478a2fe08d
    sensor_type:                           LIDAR
    description:                           "Lidarmace - Ouster OS0"
    topic:                                 /os_sensor/os1_lidar

  - id:                                    acbb23479caf7592b35518478a2fe08f
    sensor_type:                           ODOMETRY_6DOF
    description:                           "ROVIOLI in Odometry mode"
    topic:                                 /odometry/maplab_odom_T_M_I

  - id:                                    4af1bac2a7c5fad79f09e49e3b96d87c
    sensor_type:                           NCAMERA
    description:                           "Alphasense"
    topic:                                 ""
    cameras:
      - camera:
          id:                              9da9c2fa16894a059f8b40740c721cb1
          sensor_type:                     CAMERA
          description:                     "0.4MP Mono Camera Forward Left"
          topic:                           /alphasense/cam0
          line-delay-nanoseconds:          0
          image_height:                    1080
          image_width:                     1440
          type:                            pinhole
          intrinsics:
            rows:                          4
            cols:                          1
            data:
              - 701.6682111281
              - 701.55526909
              - 703.6097253263
              - 530.4665279367
          distortion:
            type:                          equidistant
            parameters:
              rows:                        4
              cols:                        1
              data:
                - -0.0395909069
                - -0.0041727433
                - 0.0030288415
                - -0.0012784168
        T_B_C:
          rows:                            4
          cols:                            4
          data:
            - [0.1234209 ,-0.63857953, 0.75959428, 0.04602743]
            - [0.32769217,-0.69628266, -0.6385987 ,-0.0057402]
            - [0.93668838, 0.32772952, 0.12332168,-0.05056657]
            - [0.0, 0.0, 0.0, 1.0]

      - camera:
          id:                              44ed7e1913a847b3b8d9884b9b02fb03
          sensor_type:                     CAMERA
          description:                     "0.4MP Mono Camera Forward Right"
          topic:                           /alphasense/cam1
          line-delay-nanoseconds:          0
          image_height:                    1080
          image_width:                     1440
          type:                            pinhole
          intrinsics:
            rows:                          4
            cols:                          1
            data:
              - 696.7174426776
              - 696.4862496732
              - 708.4206218964
              - 535.6712007522
          distortion:
            type:                          equidistant
            parameters:
              rows:                        4
              cols:                        1
              data:
                - -0.0465180371
                - 0.0160363324
                - -0.0170339468
                - 0.0050095489
        T_B_C:
          rows:                            4
          cols:                            4
          data:
            - [0.12400434, 0.64383004, 0.75505351, 0.06107734]
            - [-0.32678919,-0.69198037,  0.64371732, 0.00607413]
            - [0.93692676,-0.32656707, 0.12458813,-0.05054645]
            - [0.0, 0.0, 0.0, 1.0]


      - camera:
          id:                              08faa68c87a84fd5bd1b0305c99b155d
          sensor_type:                     CAMERA
          description:                     "0.4MP Mono Camera Left"
          topic:                           /alphasense/cam2
          line-delay-nanoseconds:          0
          image_height:                    1080
          image_width:                     1440
          type:                            pinhole
          intrinsics:
            rows:                          4
            cols:                          1
            data:
              - 702.3538912351
              - 702.1759854802
              - 718.7749348353
              - 535.2856167618
          distortion:
            type:                          equidistant
            parameters:
              rows:                        4
              cols:                        1
              data:
                - -0.0392852639
                - -0.0023244164
                - -0.0005553017
                - 0.0002238156
        T_B_C:
          rows:                            4
          cols:                            4
          data:
            - [-0.99994195,-0.00334627, 0.01024242, 0.00696728]
            - [-0.00322987, 0.99993026,  0.01135978, 0.00742017]
            - [-0.01027972, 0.01132604,-0.99988302,-0.03553075]
            - [0.0, 0.0, 0.0, 1.0]




      - camera:
          id:                              da7d19d6662f4a428240bf7f706bbb4d
          sensor_type:                     CAMERA
          description:                     "0.4MP Mono Camera Left"
          topic:                           /alphasense/cam3
          line-delay-nanoseconds:          0
          image_height:                    1080
          image_width:                     1440
          type:                            pinhole
          intrinsics:
            rows:                          4
            cols:                          1
            data:
              - 703.2325755934
              - 703.2405654818
              - 703.0078028901
              - 537.7049174331
          distortion:
            type:                          equidistant
            parameters:
              rows:                        4
              cols:                        1
              data:
                - -0.041473724
                - 0.000366189
                - -0.0008241712
                - -0.0002216933
        T_B_C:
          rows:                            4
          cols:                            4
          data:
            - [0.99999528,-0.00195908,-0.0023663 , 0.00792469]
            - [-0.00237077,-0.00227973, -0.99999459,-0.00636386]
            - [0.00195368, 0.99999548,-0.00228436,-0.06469137]
            - [0.0, 0.0, 0.0, 1.0]

      - camera:
          id:                              c70f9347314d4c26a72280c1f193b47d
          sensor_type:                     CAMERA
          description:                     "0.4MP Mono Camera Left"
          topic:                           /alphasense/cam4
          line-delay-nanoseconds:          0
          image_height:                    1080
          image_width:                     1440
          type:                            pinhole
          intrinsics:
            rows:                          4
            cols:                          1
            data:
              - 701.4723842948
              - 701.6419154268
              - 700.4808652897
              - 541.8573746426
          distortion:
            type:                          equidistant
            parameters:
              rows:                        4
              cols:                        1
              data:
                - -0.0405675926
                - 0.0010964136
                - -0.0027765896
                - 0.0006435363
        T_B_C:
          rows:                            4
          cols:                            4
          data:
            - [0.9999185 , 0.01086713,-0.00670115, 0.01003876]
            - [0.00666209, 0.00362627,  0.99997123, 0.00663634]
            - [0.01089111,-0.99993438, 0.00355358,-0.07830231]
            - [0.0, 0.0, 0.0, 1.0]



extrinsics:
  - sensor_id:                             bbf123479caf7592b35518478a2fe08d
    base_sensor_id:                        3da6d03bd42e41a93dc941bd5fd9353d
    T_B_S:
      rows:                                4
      cols:                                4
      data:
        - [9.99940134e-01,  -1.02378190e-02,  -3.86211367e-03, -9.52529127e-03]
        - [-1.02391248e-02,-9.99947528e-01,-3.18485319e-04,-6.64871280e-03]
        - [-3.85865042e-03, 3.58010917e-04,-9.99992491e-01, 5.86162017e-02]
        - [0, 0, 0, 1]

  - sensor_id:                             3da6d03bd42e41a93dc941bd5fd9353d
    base_sensor_id:                        3da6d03bd42e41a93dc941bd5fd9353d
    T_B_S:
      rows:                                4
      cols:                                4
      data:
        - [1,0,0,0]
        - [0,1,0,0]
        - [0,0,1,0]
        - [0,0,0,1]

  - sensor_id:                             acbb23479caf7592b35518478a2fe08f
    base_sensor_id:                        3da6d03bd42e41a93dc941bd5fd9353d
    T_B_S:
      rows:                                4
      cols:                                4
      data:
        - [1,0,0,0]
        - [0,1,0,0]
        - [0,0,1,0]
        - [0,0,0,1]

  - sensor_id:                             4af1bac2a7c5fad79f09e49e3b96d87c
    base_sensor_id:                        3da6d03bd42e41a93dc941bd5fd9353d
    T_B_S:
      rows:                                4
      cols:                                4
      data:
        - [1,0,0,0]
        - [0,1,0,0]
        - [0,0,1,0]
        - [0,0,0,1]
